116	220	84	108
116	284	188	324
132	396	156	364
140	284	368	304
156	220	124	108
180	356	204	324
196	116	68	108
196	396	172	356
260	180	92	132
268	404	284	372
292	180	276	252
316	244	156	100
356	156	364	140
372	420	84	140
396	420	68	188
444	412	60	124
460	412	76	124
85.6746	115.913	115.913	105.833
85.6746	206.627	436	132
156.23	186.468	172	180
257.024	478.77	76	156
307.421	95.754	212	348
347.738	377.976	108	196
388.056	438.453	164	308
408.214	196.548	460	268
428.373	226.786	132	372
428.373	377.976	164	140
438.453	125.992	436	116
458.611	357.818	116	196
107.943	107.943	212	364
171.439	184.139	108	420
209.537	298.431	105.833	327.579
298.431	133.342	60	68
412.724	425.423	348	388
450.822	349.228	108	356
450.822	425.423	68	124
463.521	171.439	76	116
120	168	356	380
424	424	68	84
131.032	372.937	140	140
215.887	342.879	264	328
